tex_embedded_rle:
4 1 5 7 4 1 5 7 4 1 5 7 4 1 5 7 4 1 5 7 4 1 5 7 4 16 5 48 4 16 5 48 
4 16 5 48 4 17 5 7 4 1 5 7 4 1 5 7 4 1 5 7 4 17 5 7 4 1 5 39 4 16 5 48 
4 16 5 48 4 16 5 16 4 1 5 7 4 1 5 7 4 17 5 7 4 1 5 7 4 1 5 7 4 1 5 23 
4 16 5 48 4 16 5 10 4 1 5 2 4 1 5 3 4 1 67 1 130 1 5 1 4 1 5 2 4 1 67 1 
254 1 253 1 67 1 5 19 4 16 5 16 4 1 5 15 4 1 5 7 4 17 5 7 4 1 5 7 4 1 5 7 
4 1 5 7 4 8 5 7 4 8 5 1 4 6 5 1 254 1 5 7 130 1 5 24 4 8 67 1 254 2 67 1 
5 4 254 1 253 1 67 1 4 5 254 1 67 1 4 6 67 1 5 31 4 8 5 8 4 16 5 32 4 17 5 7 
4 1 5 7 4 1 5 7 4 1 5 7 4 17 5 7 4 8 5 32 4 16 5 8 4 8 5 32 4 16 5 8 
4 8 5 32 4 16 5 8 4 1 5 7 4 1 5 7 4 1 5 7 4 1 5 7 4 17 5 7 4 1 5 39 
4 16 5 48 4 16 5 48 4 16 5 16 4 1 5 7 4 1 5 7 4 17 5 7 4 1 5 7 4 1 5 7 
4 1 5 23 4 16 5 48 4 16 5 48 4 16 5 32 4 17 5 7 4 1 5 7 4 1 5 7 4 1 5 7 
4 1 5 7 4 24 5 40 4 24 5 40 4 24 5 40 4 16 5 32 4 16 5 8 4 8 5 32 4 16 5 8 
4 8 5 32 4 16 5 8 4 8 5 7 4 1 5 7 4 1 5 7 4 1 5 7 4 17 5 7 4 1 5 32 
4 16 5 48 4 16 5 48 4 16 5 23 4 1 5 7 4 1 5 7 4 1 5 7 4 17 5 7 4 1 5 7 
4 1 5 16 4 16 5 48 4 16 5 48 4 16 5 39 4 1 5 7 4 17 5 7 4 1 5 7 4 1 5 7 
4 1 5 7 4 17 5 40 4 24 5 40 4 24 5 40 4 24 5 7 4 1 5 7 4 1 5 7 4 1 5 7 
4 1 5 7 4 9 5 48 4 16 5 48 4 16 5 48 4 16 5 7 4 1 5 7 4 1 5 7 4 1 5 7 
4 1 5 7 4 1 5 7 4 17 5 32 4 16 5 48 4 16 5 48 4 16 5 23 4 1 5 7 4 1 5 7 
4 1 5 7 4 17 5 7 4 1 5 7 4 1 5 16 4 16 5 48 4 16 5 48 4 16 5 39 4 1 5 7 
4 17 5 7 4 1 5 7 4 1 5 7 4 1 5 7 4 1 5 8 4 16 5 32 4 8 5 8 4 16 5 32 
4 8 5 8 4 16 5 32 4 8 5 7 4 17 5 7 4 1 5 7 4 1 5 7 4 1 5 7 4 9
