# Exposure: 26513 Aperture: 256 Analogue_gain: 512 Digital_gain: 256

name: BROADCOM

isp_bits_per_pixel: 13

FRAME
   width: 3280
   height: 2464
   bayer_order: RGGB
   bayer_enable:
      image_input
      black_level
      lens_shading
      denoise
      *
   ycbcr_enable:
      hresize
      *
END

BLACK_LEVEL
   top: 0
   bottom: 0
   left: 0
   right: 0
   dark_frame_multiplier: 0
   threshold: 128
   abscissae_r: 0 66 1023 65535 *
   ordinates_r: 0 0 8191 8191 *
   abscissae_gr: 0 67 1023 65535 *
   ordinates_gr: 0 0 8191 8191 *
   abscissae_gb: 0 67 1023 65535 *
   ordinates_gb: 0 0 8191 8191 *
   abscissae_b: 0 66 1023 65535 *
   ordinates_b: 0 0 8191 8191 *
END

IMAGE_INPUT
   stride: 4128
   format: RAW10
END

LENS_SHADING
   cell_sz_power_x: 7
   cell_sz_power_y: 7
   pitch: 27
   vpitch: 21
   cv_r:
      4096 4096 4096 4096 4096 4096 4096 4096 4096 4096 4096 4096 4096 4096 4096 4096 4096 4096 4096 4096 4096 4096 4096 4096 4096 4096 4096
      4096 4096 4096 4096 4096 4096 4096 4096 4096 4096 4096 4096 4096 4096 4096 4096 4096 4096 4096 4096 4096 4096 4096 4096 4096 4096 4096
      4096 4096 4096 4096 4096 4096 4096 4096 4096 4096 4096 4096 4096 4096 4096 4096 4096 4096 4096 4096 4096 4096 4096 4096 4096 4096 4096
      4096 4096 4096 4096 4096 4096 4096 4096 4096 4096 4096 4096 4096 4096 4096 4096 4096 4096 4096 4096 4096 4096 4096 4096 4096 4096 4096
      4096 4096 4096 4096 4096 4096 4096 4096 4096 4096 4096 4096 4096 4096 4096 4096 4096 4096 4096 4096 4096 4096 4096 4096 4096 4096 4096
      4096 4096 4096 4096 4096 4096 4096 4096 4096 4096 4096 4096 4096 4096 4096 4096 4096 4096 4096 4096 4096 4096 4096 4096 4096 4096 4096
      4096 4096 4096 4096 4096 4096 4096 4096 4096 4096 4096 4096 4096 4096 4096 4096 4096 4096 4096 4096 4096 4096 4096 4096 4096 4096 4096
      4096 4096 4096 4096 4096 4096 4096 4096 4096 4096 4096 4096 4096 4096 4096 4096 4096 4096 4096 4096 4096 4096 4096 4096 4096 4096 4096
      4096 4096 4096 4096 4096 4096 4096 4096 4096 4096 4096 4096 4096 4096 4096 4096 4096 4096 4096 4096 4096 4096 4096 4096 4096 4096 4096
      4096 4096 4096 4096 4096 4096 4096 4096 4096 4096 4096 4096 4096 4096 4096 4096 4096 4096 4096 4096 4096 4096 4096 4096 4096 4096 4096
      4096 4096 4096 4096 4096 4096 4096 4096 4096 4096 4096 4096 4096 4096 4096 4096 4096 4096 4096 4096 4096 4096 4096 4096 4096 4096 4096
      4096 4096 4096 4096 4096 4096 4096 4096 4096 4096 4096 4096 4096 4096 4096 4096 4096 4096 4096 4096 4096 4096 4096 4096 4096 4096 4096
      4096 4096 4096 4096 4096 4096 4096 4096 4096 4096 4096 4096 4096 4096 4096 4096 4096 4096 4096 4096 4096 4096 4096 4096 4096 4096 4096
      4096 4096 4096 4096 4096 4096 4096 4096 4096 4096 4096 4096 4096 4096 4096 4096 4096 4096 4096 4096 4096 4096 4096 4096 4096 4096 4096
      4096 4096 4096 4096 4096 4096 4096 4096 4096 4096 4096 4096 4096 4096 4096 4096 4096 4096 4096 4096 4096 4096 4096 4096 4096 4096 4096
      4096 4096 4096 4096 4096 4096 4096 4096 4096 4096 4096 4096 4096 4096 4096 4096 4096 4096 4096 4096 4096 4096 4096 4096 4096 4096 4096
      4096 4096 4096 4096 4096 4096 4096 4096 4096 4096 4096 4096 4096 4096 4096 4096 4096 4096 4096 4096 4096 4096 4096 4096 4096 4096 4096
      4096 4096 4096 4096 4096 4096 4096 4096 4096 4096 4096 4096 4096 4096 4096 4096 4096 4096 4096 4096 4096 4096 4096 4096 4096 4096 4096
      4096 4096 4096 4096 4096 4096 4096 4096 4096 4096 4096 4096 4096 4096 4096 4096 4096 4096 4096 4096 4096 4096 4096 4096 4096 4096 4096
      4096 4096 4096 4096 4096 4096 4096 4096 4096 4096 4096 4096 4096 4096 4096 4096 4096 4096 4096 4096 4096 4096 4096 4096 4096 4096 4096
      4096 4096 4096 4096 4096 4096 4096 4096 4096 4096 4096 4096 4096 4096 4096 4096 4096 4096 4096 4096 4096 4096 4096 4096 4096 4096 4096
   *
   cv_gr:
      4096 4096 4096 4096 4096 4096 4096 4096 4096 4096 4096 4096 4096 4096 4096 4096 4096 4096 4096 4096 4096 4096 4096 4096 4096 4096 4096
      4096 4096 4096 4096 4096 4096 4096 4096 4096 4096 4096 4096 4096 4096 4096 4096 4096 4096 4096 4096 4096 4096 4096 4096 4096 4096 4096
      4096 4096 4096 4096 4096 4096 4096 4096 4096 4096 4096 4096 4096 4096 4096 4096 4096 4096 4096 4096 4096 4096 4096 4096 4096 4096 4096
      4096 4096 4096 4096 4096 4096 4096 4096 4096 4096 4096 4096 4096 4096 4096 4096 4096 4096 4096 4096 4096 4096 4096 4096 4096 4096 4096
      4096 4096 4096 4096 4096 4096 4096 4096 4096 4096 4096 4096 4096 4096 4096 4096 4096 4096 4096 4096 4096 4096 4096 4096 4096 4096 4096
      4096 4096 4096 4096 4096 4096 4096 4096 4096 4096 4096 4096 4096 4096 4096 4096 4096 4096 4096 4096 4096 4096 4096 4096 4096 4096 4096
      4096 4096 4096 4096 4096 4096 4096 4096 4096 4096 4096 4096 4096 4096 4096 4096 4096 4096 4096 4096 4096 4096 4096 4096 4096 4096 4096
      4096 4096 4096 4096 4096 4096 4096 4096 4096 4096 4096 4096 4096 4096 4096 4096 4096 4096 4096 4096 4096 4096 4096 4096 4096 4096 4096
      4096 4096 4096 4096 4096 4096 4096 4096 4096 4096 4096 4096 4096 4096 4096 4096 4096 4096 4096 4096 4096 4096 4096 4096 4096 4096 4096
      4096 4096 4096 4096 4096 4096 4096 4096 4096 4096 4096 4096 4096 4096 4096 4096 4096 4096 4096 4096 4096 4096 4096 4096 4096 4096 4096
      4096 4096 4096 4096 4096 4096 4096 4096 4096 4096 4096 4096 4096 4096 4096 4096 4096 4096 4096 4096 4096 4096 4096 4096 4096 4096 4096
      4096 4096 4096 4096 4096 4096 4096 4096 4096 4096 4096 4096 4096 4096 4096 4096 4096 4096 4096 4096 4096 4096 4096 4096 4096 4096 4096
      4096 4096 4096 4096 4096 4096 4096 4096 4096 4096 4096 4096 4096 4096 4096 4096 4096 4096 4096 4096 4096 4096 4096 4096 4096 4096 4096
      4096 4096 4096 4096 4096 4096 4096 4096 4096 4096 4096 4096 4096 4096 4096 4096 4096 4096 4096 4096 4096 4096 4096 4096 4096 4096 4096
      4096 4096 4096 4096 4096 4096 4096 4096 4096 4096 4096 4096 4096 4096 4096 4096 4096 4096 4096 4096 4096 4096 4096 4096 4096 4096 4096
      4096 4096 4096 4096 4096 4096 4096 4096 4096 4096 4096 4096 4096 4096 4096 4096 4096 4096 4096 4096 4096 4096 4096 4096 4096 4096 4096
      4096 4096 4096 4096 4096 4096 4096 4096 4096 4096 4096 4096 4096 4096 4096 4096 4096 4096 4096 4096 4096 4096 4096 4096 4096 4096 4096
      4096 4096 4096 4096 4096 4096 4096 4096 4096 4096 4096 4096 4096 4096 4096 4096 4096 4096 4096 4096 4096 4096 4096 4096 4096 4096 4096
      4096 4096 4096 4096 4096 4096 4096 4096 4096 4096 4096 4096 4096 4096 4096 4096 4096 4096 4096 4096 4096 4096 4096 4096 4096 4096 4096
      4096 4096 4096 4096 4096 4096 4096 4096 4096 4096 4096 4096 4096 4096 4096 4096 4096 4096 4096 4096 4096 4096 4096 4096 4096 4096 4096
      4096 4096 4096 4096 4096 4096 4096 4096 4096 4096 4096 4096 4096 4096 4096 4096 4096 4096 4096 4096 4096 4096 4096 4096 4096 4096 4096
   *
   cv_b:
      4096 4096 4096 4096 4096 4096 4096 4096 4096 4096 4096 4096 4096 4096 4096 4096 4096 4096 4096 4096 4096 4096 4096 4096 4096 4096 4096
      4096 4096 4096 4096 4096 4096 4096 4096 4096 4096 4096 4096 4096 4096 4096 4096 4096 4096 4096 4096 4096 4096 4096 4096 4096 4096 4096
      4096 4096 4096 4096 4096 4096 4096 4096 4096 4096 4096 4096 4096 4096 4096 4096 4096 4096 4096 4096 4096 4096 4096 4096 4096 4096 4096
      4096 4096 4096 4096 4096 4096 4096 4096 4096 4096 4096 4096 4096 4096 4096 4096 4096 4096 4096 4096 4096 4096 4096 4096 4096 4096 4096
      4096 4096 4096 4096 4096 4096 4096 4096 4096 4096 4096 4096 4096 4096 4096 4096 4096 4096 4096 4096 4096 4096 4096 4096 4096 4096 4096
      4096 4096 4096 4096 4096 4096 4096 4096 4096 4096 4096 4096 4096 4096 4096 4096 4096 4096 4096 4096 4096 4096 4096 4096 4096 4096 4096
      4096 4096 4096 4096 4096 4096 4096 4096 4096 4096 4096 4096 4096 4096 4096 4096 4096 4096 4096 4096 4096 4096 4096 4096 4096 4096 4096
      4096 4096 4096 4096 4096 4096 4096 4096 4096 4096 4096 4096 4096 4096 4096 4096 4096 4096 4096 4096 4096 4096 4096 4096 4096 4096 4096
      4096 4096 4096 4096 4096 4096 4096 4096 4096 4096 4096 4096 4096 4096 4096 4096 4096 4096 4096 4096 4096 4096 4096 4096 4096 4096 4096
      4096 4096 4096 4096 4096 4096 4096 4096 4096 4096 4096 4096 4096 4096 4096 4096 4096 4096 4096 4096 4096 4096 4096 4096 4096 4096 4096
      4096 4096 4096 4096 4096 4096 4096 4096 4096 4096 4096 4096 4096 4096 4096 4096 4096 4096 4096 4096 4096 4096 4096 4096 4096 4096 4096
      4096 4096 4096 4096 4096 4096 4096 4096 4096 4096 4096 4096 4096 4096 4096 4096 4096 4096 4096 4096 4096 4096 4096 4096 4096 4096 4096
      4096 4096 4096 4096 4096 4096 4096 4096 4096 4096 4096 4096 4096 4096 4096 4096 4096 4096 4096 4096 4096 4096 4096 4096 4096 4096 4096
      4096 4096 4096 4096 4096 4096 4096 4096 4096 4096 4096 4096 4096 4096 4096 4096 4096 4096 4096 4096 4096 4096 4096 4096 4096 4096 4096
      4096 4096 4096 4096 4096 4096 4096 4096 4096 4096 4096 4096 4096 4096 4096 4096 4096 4096 4096 4096 4096 4096 4096 4096 4096 4096 4096
      4096 4096 4096 4096 4096 4096 4096 4096 4096 4096 4096 4096 4096 4096 4096 4096 4096 4096 4096 4096 4096 4096 4096 4096 4096 4096 4096
      4096 4096 4096 4096 4096 4096 4096 4096 4096 4096 4096 4096 4096 4096 4096 4096 4096 4096 4096 4096 4096 4096 4096 4096 4096 4096 4096
      4096 4096 4096 4096 4096 4096 4096 4096 4096 4096 4096 4096 4096 4096 4096 4096 4096 4096 4096 4096 4096 4096 4096 4096 4096 4096 4096
      4096 4096 4096 4096 4096 4096 4096 4096 4096 4096 4096 4096 4096 4096 4096 4096 4096 4096 4096 4096 4096 4096 4096 4096 4096 4096 4096
      4096 4096 4096 4096 4096 4096 4096 4096 4096 4096 4096 4096 4096 4096 4096 4096 4096 4096 4096 4096 4096 4096 4096 4096 4096 4096 4096
      4096 4096 4096 4096 4096 4096 4096 4096 4096 4096 4096 4096 4096 4096 4096 4096 4096 4096 4096 4096 4096 4096 4096 4096 4096 4096 4096
   *
   cv_gb:
      4096 4096 4096 4096 4096 4096 4096 4096 4096 4096 4096 4096 4096 4096 4096 4096 4096 4096 4096 4096 4096 4096 4096 4096 4096 4096 4096
      4096 4096 4096 4096 4096 4096 4096 4096 4096 4096 4096 4096 4096 4096 4096 4096 4096 4096 4096 4096 4096 4096 4096 4096 4096 4096 4096
      4096 4096 4096 4096 4096 4096 4096 4096 4096 4096 4096 4096 4096 4096 4096 4096 4096 4096 4096 4096 4096 4096 4096 4096 4096 4096 4096
      4096 4096 4096 4096 4096 4096 4096 4096 4096 4096 4096 4096 4096 4096 4096 4096 4096 4096 4096 4096 4096 4096 4096 4096 4096 4096 4096
      4096 4096 4096 4096 4096 4096 4096 4096 4096 4096 4096 4096 4096 4096 4096 4096 4096 4096 4096 4096 4096 4096 4096 4096 4096 4096 4096
      4096 4096 4096 4096 4096 4096 4096 4096 4096 4096 4096 4096 4096 4096 4096 4096 4096 4096 4096 4096 4096 4096 4096 4096 4096 4096 4096
      4096 4096 4096 4096 4096 4096 4096 4096 4096 4096 4096 4096 4096 4096 4096 4096 4096 4096 4096 4096 4096 4096 4096 4096 4096 4096 4096
      4096 4096 4096 4096 4096 4096 4096 4096 4096 4096 4096 4096 4096 4096 4096 4096 4096 4096 4096 4096 4096 4096 4096 4096 4096 4096 4096
      4096 4096 4096 4096 4096 4096 4096 4096 4096 4096 4096 4096 4096 4096 4096 4096 4096 4096 4096 4096 4096 4096 4096 4096 4096 4096 4096
      4096 4096 4096 4096 4096 4096 4096 4096 4096 4096 4096 4096 4096 4096 4096 4096 4096 4096 4096 4096 4096 4096 4096 4096 4096 4096 4096
      4096 4096 4096 4096 4096 4096 4096 4096 4096 4096 4096 4096 4096 4096 4096 4096 4096 4096 4096 4096 4096 4096 4096 4096 4096 4096 4096
      4096 4096 4096 4096 4096 4096 4096 4096 4096 4096 4096 4096 4096 4096 4096 4096 4096 4096 4096 4096 4096 4096 4096 4096 4096 4096 4096
      4096 4096 4096 4096 4096 4096 4096 4096 4096 4096 4096 4096 4096 4096 4096 4096 4096 4096 4096 4096 4096 4096 4096 4096 4096 4096 4096
      4096 4096 4096 4096 4096 4096 4096 4096 4096 4096 4096 4096 4096 4096 4096 4096 4096 4096 4096 4096 4096 4096 4096 4096 4096 4096 4096
      4096 4096 4096 4096 4096 4096 4096 4096 4096 4096 4096 4096 4096 4096 4096 4096 4096 4096 4096 4096 4096 4096 4096 4096 4096 4096 4096
      4096 4096 4096 4096 4096 4096 4096 4096 4096 4096 4096 4096 4096 4096 4096 4096 4096 4096 4096 4096 4096 4096 4096 4096 4096 4096 4096
      4096 4096 4096 4096 4096 4096 4096 4096 4096 4096 4096 4096 4096 4096 4096 4096 4096 4096 4096 4096 4096 4096 4096 4096 4096 4096 4096
      4096 4096 4096 4096 4096 4096 4096 4096 4096 4096 4096 4096 4096 4096 4096 4096 4096 4096 4096 4096 4096 4096 4096 4096 4096 4096 4096
      4096 4096 4096 4096 4096 4096 4096 4096 4096 4096 4096 4096 4096 4096 4096 4096 4096 4096 4096 4096 4096 4096 4096 4096 4096 4096 4096
      4096 4096 4096 4096 4096 4096 4096 4096 4096 4096 4096 4096 4096 4096 4096 4096 4096 4096 4096 4096 4096 4096 4096 4096 4096 4096 4096
      4096 4096 4096 4096 4096 4096 4096 4096 4096 4096 4096 4096 4096 4096 4096 4096 4096 4096 4096 4096 4096 4096 4096 4096 4096 4096 4096
   *
END

# N.B. stage is disabled
DISTORTION
   cell_size_x: 0
   cell_size_y: 0
   pitch: 0
   vpitch: 0
   cvx:
   *
   cvy:
   *
END

# N.B. stage is disabled
WHITE_BALANCE
   gain_r: 1.590   # 407
   gain_b: 2.199   # 563
END

# N.B. stage is disabled
GAIN
   gain: 1.000   # 256
   offset_r: 0
   offset_g: 0
   offset_b: 0
   threshold: 8191
END

# N.B. stage is disabled
CROSSTALK
   abscissae_lim: 0 1024 2048 3072 4096 65535 *
   ordinates_lim: 50 90 250 350 350 350 *
END

DENOISE
   abscissae: 0 1365 2730 4096 5461 6826 8191 65535 *
   ordinates: 42 200 283 331 386 488 675 675 *
   r_gain:  1.500
   gr_gain: 0.875
   gb_gain: 0.875
   b_gain:  2.000
   r_str:   0.500
   gr_str:  0.996
   gb_str:  0.996
   b_str:   0.500
   mask:
      0 0 0 0 0 0 0
      0 0 0 0 0 0 0
      0 0 0 0 0 0 0
      0 0 0 0 0 0 0
      0 0 0 0 0 0 0
      0 0 0 0 0 0 0
      0 0 0 0 0 0 0
      *
END

# N.B. stage is disabled
DEFECTIVE_PIXEL
   x:    0 *
   y:    0 *
   mask: 0 *
   scale_hi: 0.100 0.000 0.000
   offset_hi: -26 1909 1909
   scale_lo: 0.000 0.000 0.000
   offset_lo: -104 22 22
   replace_index_lo: 3
   replace_index_hi: 5
   replace_scale_lo: 0.801
   replace_scale_hi: 1.500
END

# N.B. stage is disabled
DEMOSAIC
   bayer_type: TRUE
   threshold_n: 128
   hv_bias: 1.000000
   g_offset_shift: 1
END

# N.B. stage is disabled
COLOUR_CORRECTION
   matrix:
      1.8086 -0.7925 -0.0151
      -0.2432 1.6196 -0.3755
      0.1299 -0.7139 1.5854
   offsets: 0 0 0
END

# N.B. stage is disabled
GAMMA
   abscissae_r: 0 32 64 96 128 160 193 257 353 418 514 610 739 867 1024 1221 1574 1831 2120 2441 2762 3148 3533 3951 4626 5107 5814 6585 7324 8191 65535 *
   ordinates_r: 0 178 352 460 595 717 794 1036 1329 1483 1760 2048 2432 2752 3168 3616 4320 4768 5184 5600 5920 6272 6560 6784 7136 7328 7552 7776 7968 8191 8191 *
   abscissae_g: 0 32 64 96 128 160 193 257 353 418 514 610 739 867 1024 1221 1574 1831 2120 2441 2762 3148 3533 3951 4626 5107 5814 6585 7324 8191 65535 *
   ordinates_g: 0 178 352 460 595 717 794 1036 1329 1483 1760 2048 2432 2752 3168 3616 4320 4768 5184 5600 5920 6272 6560 6784 7136 7328 7552 7776 7968 8191 8191 *
   abscissae_b: 0 32 64 96 128 160 193 257 353 418 514 610 739 867 1024 1221 1574 1831 2120 2441 2762 3148 3533 3951 4626 5107 5814 6585 7324 8191 65535 *
   ordinates_b: 0 178 352 460 595 717 794 1036 1329 1483 1760 2048 2432 2752 3168 3616 4320 4768 5184 5600 5920 6272 6560 6784 7136 7328 7552 7776 7968 8191 8191 *
END

# N.B. stage is disabled
FALSE_COLOUR
   strength1: 0.000
   strength2: 0.000
   filter_mix_cw: 1.000
   filter_mix_lo: 0
   filter_mix_hi: 4000
   filter_desat_cw: 1.000
   filter_desat_lo: 500
   filter_desat_hi: 4000
END

# N.B. stage is disabled
SHARPEN
   x_centre: 1632
   y_centre: 1224
   pos_gain_absc: 0 1000 1600 2000 2800 65535 *
   pos_gain_ord: 1.000 1.000 1.000 0.900 0.700 0.700 *
   v_gain_absc: 0 59 198 401 3500 3935 8191 65535
   v_gain_ord: 4096 4096 3891 2306 2048 901 369 369
   resp_absc: -32768 32767 *
   resp_ord: 0 0 *
   resp1_absc: -32768 -250 -100 100 350 32767 *
   resp1_ord: -35 -35 0 0 100 100 *
   resp_gain_absc: 0 59 198 401 622 2378 3935 5131 6962 7615 8191 65535 *
   resp_gain_ord: 256 256 256 92 73 82 103 179 230 256 256 256 *
   isotropic_strength: 0.500
   avg_g_shift: 0
END

# N.B. stage is disabled
Y_G_COEFFS
   y_coeffs: 0.114 0.299
END

# N.B. stage is disabled
CHROMINANCE_STRETCH
   u_abscissae: -32768 -7266 0 7266 32767 *
   u_ordinates: 0 0 4100 8191 8191 *
   v_abscissae: -32768 -5734 0 5734 32767 *
   v_ordinates: 0 0 4100 8191 8191 *
END

# N.B. stage is disabled
TONE_MAPPING
   y_abscissae: 0 264 528 792 1056 1321 1585 1849 2113 2378 2642 2906 3170 3434 3699 3963 4227 4491 4756 5020 5284 5548 5812 6077 6341 6605 6869 7134 7398 7662 7926 8191
   y_ordinates: 0 264 528 792 1056 1321 1585 1849 2113 2378 2642 2906 3170 3434 3699 3963 4227 4491 4756 5020 5284 5548 5812 6077 6341 6605 6869 7134 7398 7662 7926 8191
END

HRESIZE
   interp_filter_mode: BICUBIC
   input_offset_x: 0
   input_offset_y: 0
   input_width: 3264
   input_height: 2448
   output_width: 3264
   output_height: 2448
END

# N.B. stage is disabled
CONVERSION
   matrix:
      8.000 0.000 0.000
      0.000 8.000 0.000
      0.000 0.000 8.000
   offsets: 0 0 0
END

# N.B. stage is disabled
HI_RES_OUTPUT
   shift: 8
   data_format: 420
   output_width: 0
END

# To ensure correct simulator bmp file output please change "profile: none" to "profile: all"
profile all
CONVERSION
   matrix:
      8.000 14.192 0.000
      8.000 -2.712 -5.720
      8.000 0.000 11.200
   offsets: -58064 34676 -45940
END

HI_RES_OUTPUT
   shift: 8
   data_format: INTERLEAVED
   output_width: 0
END
end_profile
AWB
#   awb_speed_mod_exposure:
#   n_lamp_cals: 7
#   LAMP 0
#      lamp_type:  DAYLIGHT
#      r_gain_min: 256 #1.000
#      r_gain_max: 256 #1.000
#      r_nrm_min: 0.244
#      r_nrm_max: 0.288
#   END
#   LAMP 1
#      lamp_type: CLOUDY
#      r_gain_min: 256 #1.000
#      r_gain_max: 256 #1.000
#      r_nrm_min: 0.196
#      r_nrm_max: 0.248
#   END
#   LAMP 2
#      lamp_type: TUNGSTEN
#      r_gain_min: 256 #1.000
#      r_gain_max: 256 #1.000
#      r_nrm_min: 0.326
#      r_nrm_max: 0.345
#   END
#   LAMP 3
#      lamp_type: FLOURESCENT
#      r_gain_min: 256 #1.000
#      r_gain_max: 256 #1.000
#      r_nrm_min: 0.310
#      r_nrm_max: 0.336
#   END
#   LAMP 4
#      lamp_type: SHADE
#      r_gain_min: 256 #1.000
#      r_gain_max: 256 #1.000
#      r_nrm_min: 0.130
#      r_nrm_max: 0.248
#   END
#   LAMP 5
#      lamp_type: INCANDENSCENT
#      r_gain_min: 256 #1.000
#      r_gain_max: 256 #1.000
#      r_nrm_min: 0.295
#      r_nrm_max: 0.370
#   END
#   LAMP 6
#      lamp_type: FLASH
#      r_gain_min: 256 #1.000
#      r_gain_max: 256 #1.000
#      r_nrm_min: 0.181
#      r_nrm_max: 0.201
#   END
   awb_method: METHOD_B
# BAYESIAN
   canon_sens_r: 117.0000 #29952
   canon_sens_g: 221.0000 #56576
   canon_sens_b: 128.0000 #32768
   sensor_sens_r: 303.0000 #77568
   sensor_sens_g: 526.0000 #134656
   sensor_sens_b: 283.0000 #72448
   bayes_centre_weight: 1.0000
   bayes_inter_curve_strength: 1.0000
   bayes_inter_t_pow: 2
   bayes_t_curve_n: 2
   BAYES_T 0
      qpath_a: 0.0000
      qpath_b: -1.2230
      qpath_c: 0.5937
      rmin: 0.2000
      rmax: 0.3463
      res_para: 0.0050
      res_perp: 0.0035
      std_pos:
         0	393
         46	393
         48	786
         72	786
         73	524
         89	393
         256	0
         *
      std_neg:
         0	393
         48	393
         50	786
         74	786
         75	524
         91	393
         256	0
         *
      ridge_prior: 0
         0	0
         58	0
         60	100
         72	100
         74	0
         255	0
         *
      ridge_prior: 1
         0	0
         45	0
         47	110
         62	100
         65	0
         256	0
         *
      ridge_prior: 2
         0	0
         40	0
         42	100
         48	110
         53	200
         60	200
         69	110
         71	100
         72	0
         78	0
         256	0
         *
      ridge_prior_interp:
         0	0
         6	0
         8	128
         14	256
         35	384
         55	512
         65535	512
         *
   END
   BAYES_T 1
      qpath_a: 0.7360
      qpath_b: -1.3923
      qpath_c: 0.5957
      rmin: 0.2079
      rmax: 0.4550
      res_para: 0.0100
      res_perp: 0.0060
      std_pos:
         0	393
         53	393
         55	983
         71	983
         72	983
         73	983
         108	983
         115	393
         256	393
         *
      std_neg:
         0	393
         53	393
         55	983
         71	983
         72	983
         73	983
         108	983
         115	393
         256	393
         *
      ridge_prior: 0
         0	0
         256	0
         *
      ridge_prior: 1
         0	50
         49	500
         58	500
         61	10000
         67	10000
         70	700
         102	500
         256	50
         *
      ridge_prior_interp:
         0	0
         37	0
         44	1
         110	30
         200	100
         400	256
         65535	256
         *
   END
   bayes_tex_pdf_n: 4
   BAYES_S_T_PDF 0
      w_int:
         -256	64
         -128	255
         192	255
         256	64
         *
      w_r_nrm:
         0	255
         256	255
         *
      w_exp:
         0	255
         65535	255
         *
   tex_embedded_rle:
0 676 16 1 64 1 36 1 0 5 64 1 200 1 120 1 6 1 0 4 36 1 120 1 70 1 3 1 0 5 6 1 
2 1 0 3393
   END
   BAYES_S_T_PDF 1
      w_int:
         -256	0
         -10	10
         0	255
         256	255
         *
      w_r_nrm:
         0	255
         74	255
         77	0
         256	0
         *
      w_exp:
         0	48
         32	32
         37	0
         65535	0
         *
   tex_embedded_rle:
0 884 3 2 1 1 0 3 2 1 24 1 100 1 79 1 12 1 1 1 0 159 4 1 0 7 145 1 0 6 52 1 
241 1 0 6 196 1 255 1 0 5 135 1 245 1 250 1 0 1 6 1 75 1 177 1 248 1 229 1 77 1 1 1 
5 1 82 1 218 1 254 1 251 1 161 1 21 1 0 1 54 1 207 1 254 1 249 1 178 1 46 1 1 1 0 1 
191 1 252 2 162 1 37 1 1 1 0 2 250 1 254 1 193 1 44 1 0 4 250 1 187 1 63 1 3 1 0 4 
212 1 33 1 3 1 0 5 81 1 0 139 7 1 204 1 254 1 134 1 0 4 136 1 255 1 252 1 31 1 0 4 
173 1 249 1 223 1 14 1 0 5 92 1 21 1 0 33 4 1 0 2751
   END
   BAYES_S_T_PDF 2
      w_int:
         -256	255
         256	255
         *
      w_r_nrm:
         0	255
         77	255
         80	0
         256	0
         *
      w_exp:
         0	5
         73	5
         80	0
         65535	0
         *
   tex_embedded_rle:
0 485 64 1 192 1 0 5 64 1 255 2 32 1 0 3 64 1 255 1 64 1 32 1 0 3593
   END
   BAYES_S_T_PDF 3
      w_int:
         -256	255
         128	255
         256	32
         *
      w_r_nrm:
         0	150
         67	150
         74	150
         83	64
         256	64
         *
      w_exp:
         0	16
         64	16
         108	8
         256	4
         65535	4
         *
   tex_embedded_rle:
0 175 2 1 0 6 4 1 67 1 0 5 3 1 59 1 201 1 0 26 2 1 0 5 1 1 37 1 101 1 45 1 
1 1 0 3 37 1 170 1 240 1 176 1 36 1 0 3 176 1 245 1 254 1 245 1 139 1 10 1 0 2 251 1 
254 1 255 1 253 1 190 1 23 1 0 134 6 1 77 1 195 1 250 1 0 4 47 1 206 1 252 1 254 1 0 3 
2 1 103 1 244 1 254 1 255 1 0 3 3 1 125 1 250 1 255 2 0 3 3 1 127 1 250 1 255 2 0 3 
3 1 126 1 250 1 255 2 0 3 3 1 119 1 248 1 255 2 0 3 1 1 98 1 243 1 254 3 255 2 251 1 
160 1 13 1 0 2 255 2 254 1 239 1 90 1 2 1 0 2 255 2 254 1 220 1 49 1 0 3 255 2 253 1 
190 1 23 1 0 3 255 2 252 1 161 1 11 1 0 3 255 2 248 1 121 1 4 1 0 3 255 1 254 1 240 1 
87 1 1 1 0 3 254 1 251 1 201 1 45 1 0 136 54 1 217 1 253 1 248 1 0 4 10 1 109 1 170 1 
136 1 0 5 6 1 13 1 7 1 0 40 227 1 167 1 68 1 4 1 0 4 66 1 18 1 2 1 0 3381
   END
   face_weight: 0.5000
   face_pdf_tex_embedded_rle:
0 479 35 1 0 5 2 1 69 1 196 1 0 5 58 1 220 1 254 1 0 4 66 1 203 1 253 1 255 1 0 3 
22 1 178 1 254 1 255 1 248 1 0 195 90 1 247 1 255 1 252 1 177 1 0 3 77 1 206 1 208 1 161 1 
43 1 0 3 2 1 11 2 6 1 0 2398 8 1 34 1 85 1 0 3 9 1 96 1 178 1 220 1 247 1 0 48 
139 1 149 1 39 1 0 5 253 1 251 1 95 1 0 135 2 1 99 1 239 1 254 1 255 2 0 1 1 1 60 1 
220 1 254 1 255 1 246 1 218 1 12 1 88 1 213 1 253 1 252 1 227 1 123 1 33 1 157 1 238 1 254 1 
241 1 162 1 54 1 5 1 0 1 251 1 255 1 249 1 146 1 14 1 0 3 255 1 226 1 124 1 23 1 0 4 
239 1 113 1 3 1 0 5 146 1 10 1 0 6 253 1 235 1 67 1 0 5 151 1 82 1 8 1 0 5 4 1 
0 175 24 1 0 511
flash_weight: 255
flash_r_nrm: 0.1910
flash_b_nrm: 0.3730
flash_tol: 0.0100
use_local_ccm: FALSE
END

CORRECTION_TUNER
   enable: TRUE
   TABLE 0
      matrix:
         1.506 -0.593 0.088
         -0.245 1.179 0.066
         0.065 -1.099 2.034
      offsets: 0 0 0
   END # table 0
   TABLE 1
      matrix:
         1.562 -0.353 -0.210
         -0.488 1.824 -0.336
         0.044 -0.726 1.682
      offsets: 0 0 0
   END # table 1
   TABLE 2
      matrix:
         1.816 -0.788 -0.028
         -0.276 1.668 -0.392
         0.128 -0.788 1.660
      offsets: 0 0 0
   END # table 2
   TABLE 3
      matrix:
         2.006 -1.043 0.037
         -0.208 1.573 -0.365
         0.087 -0.609 1.522
      offsets: 0 0 0
   END # table 3
   FLASH_TABLE
      matrix:
         2.306 -1.202 -0.103
         -0.199 1.980 -0.781
         0.057 -0.625 1.567
      offsets: 0 0 0
   END
   interp_func:
     0	0
     2800	0
     4000	256
     5000	512
     6500	768
     65535	768
     *
   saturation_func:
     0	248
     1000	248
     1600	243
     2000	218
     65535	218
     *
END

# Backlit_gain: 0

flash_proportion: 0

