tex_embedded_rle:
0 175 2 1 0 6 4 1 67 1 0 5 3 1 59 1 201 1 0 26 2 1 0 5 1 1 37 1 101 1 45 1 
1 1 0 3 37 1 170 1 240 1 176 1 36 1 0 3 176 1 245 1 254 1 245 1 139 1 10 1 0 2 251 1 
254 1 255 1 253 1 190 1 23 1 0 134 6 1 77 1 195 1 250 1 0 4 47 1 206 1 252 1 254 1 0 3 
2 1 103 1 244 1 254 1 255 1 0 3 3 1 125 1 250 1 255 2 0 3 3 1 127 1 250 1 255 2 0 3 
3 1 126 1 250 1 255 2 0 3 3 1 119 1 248 1 255 2 0 3 1 1 98 1 243 1 254 3 255 2 251 1 
160 1 13 1 0 2 255 2 254 1 239 1 90 1 2 1 0 2 255 2 254 1 220 1 49 1 0 3 255 2 253 1 
190 1 23 1 0 3 255 2 252 1 161 1 11 1 0 3 255 2 248 1 121 1 4 1 0 3 255 1 254 1 240 1 
87 1 1 1 0 3 254 1 251 1 201 1 45 1 0 136 54 1 217 1 253 1 248 1 0 4 10 1 109 1 170 1 
136 1 0 5 6 1 13 1 7 1 0 40 227 1 167 1 68 1 4 1 0 4 66 1 18 1 2 1 0 3381
